00000110
00000000
00101110
00000000
00100110
00000000
00000000
00000000
00000110
00000000
00000000
00000000
00000110
00000110
00000110
00011001
00000000
00000000
00000000
00000000
00000000
00000000
00000000
00000000
00000000
00000000
00000000
00000000
00000000
00000000
00000000
00000000
00000000
00000000
00000000
00011011
00000000
00000000
00000000
00000000
00000000
00000000
00000000
00011011
00000000
00000000
00000000
00000000
00000000
00000000
00000000
00000000
00000000
00000000
00000000
00000000
00000000
00000000
00000000
00000000
00000000
00000000
00000000
00000000