01000000000000000000000000000000
01000100000000000000010001100010
01000100000000000110010011100010
01000100000000001001010101100001
01000100000000000000011001100000
01000100000000000000001001100100
01000100000000000000001001100100
10000100000000000000001001100100
11000100000000000000000000010000
01000100000000000010000000010000
01000100000000000000000000110000
01000100000000000100000000110000
01000100000000001000000001100000
00000100000000001000000001001000
11000000000000000010000000010000
01000000011000000100000000000000
01000000011000001000000000100000
00000000011000001000000000101000
01000000011001000100000000000000
01000000011001001000000000100000
00000000011001001000000000101000
01000000011001010100000000000000
01000000011001011000000000100000
00000000011001011000000000101000
01000000011001100100000000000000
01000000011001101000000000100000
00000000011001101000000000101000
01001000000000000000000000100000
00001000000000000000000000101000
01000000011000000100000000010000
01000000011000000010000000010000
01000000011000001000000000000000
11000000011000001000000010000000
01000000000000000001000001100000
01000000000000000001000100100000
01000000000000000000001000100000
00000000000000000000001000101000
01000000000000000000010000110000
01000000000000000000010100110000
00000000000000000000100000100000
01000100011111110000000000010000
01000100011111110010000000010000
01000100011111110000000000010000
01000100011111110100000000110000
01000100011000100100000000110000
01000101111000100000000001100000
00000101111000100000000001100001
00000000111000001000000001100001
00000001000000000000000001100001
00000000000000000000000000000000
00000000000000000000000000000000
00000000000000000000000000000000
00000000000000000000000000000000
00000000000000000000000000000000
00000000000000000000000000000000
00000000000000000000000000000000
00000000000000000000000000000000
00000000000000000000000000000000
00000000000000000000000000000000
00000000000000000000000000000000
00000000000000000000000000000000
00000000000000000000000000000000
00000000000000000000000000000000
00000000000000000000000000000000
00000000000000000000000000000000
00000000000000000000000000000000
00000000000000000000000000000000
00000000000000000000000000000000
00000000000000000000000000000000
00000000000000000000000000000000
00000000000000000000000000000000
00000000000000000000000000000000
00000000000000000000000000000000
00000000000000000000000000000000
00000000000000000000000000000000
00000000000000000000000000000000
00000000000000000000000000000000
00000000000000000000000000000000
00000000000000000000000000000000
00000000000000000000000000000000
00000000000000000000000000000000
00000000000000000000000000000000
00000000000000000000000000000000
00000000000000000000000000000000
00000000000000000000000000000000
00000000000000000000000000000000
00000000000000000000000000000000
00000000000000000000000000000000
00000000000000000000000000000000
00000000000000000000000000000000
00000000000000000000000000000000
00000000000000000000000000000000
00000000000000000000000000000000
00000000000000000000000000000000
00000000000000000000000000000000
00000000000000000000000000000000
00000000000000000000000000000000
00000000000000000000000000000000